121.82392833,30.07821500,
121.82382440,30.07821949,
121.82372422,30.07819817,
121.82362483,30.07817133,
121.82352545,30.07814449,
121.82342606,30.07811766,
121.82332668,30.07809082,
121.82322730,30.07806399,
121.82312734,30.07803879,
121.82302763,30.07801292,
121.82292850,30.07798538,
121.82282937,30.07795785,
121.82272751,30.07794175,
121.82262396,30.07793513,
121.82252055,30.07794497,
121.82241691,30.07795292,
121.82231326,30.07796087,
121.82221233,30.07798117,
121.82211244,30.07800617,
121.82201254,30.07803116,
121.82192015,30.07807065,
121.82183188,30.07811807,
121.82174360,30.07816549,
121.82165533,30.07821291,
121.82156705,30.07826033,
121.82147948,30.07830866,
121.82139427,30.07836008,
121.82130906,30.07841149,
121.82122385,30.07846291,
121.82113864,30.07851433,
121.82105349,30.07856583,
121.82096888,30.07861798,
121.82088426,30.07867012,
121.82079965,30.07872227,
121.82071504,30.07877442,
121.82062498,30.07881742,
121.82052649,30.07884626,
121.82042800,30.07887510,
121.82032950,30.07890393,
121.82023101,30.07893277,
121.82013106,30.07895702,
121.82002920,30.07897522,
121.81992733,30.07899341,
121.81982546,30.07901161,
121.81972359,30.07902981,
121.81962016,30.07903863,
121.81951642,30.07904562,
121.81941269,30.07905261,
121.81930895,30.07905960,
121.81920521,30.07906660,
121.81910137,30.07907209,
121.81899740,30.07907592,
121.81889344,30.07907975,
121.81878947,30.07908358,
121.81868551,30.07908741,
121.81858155,30.07909124,
121.81847758,30.07909511,
121.81837362,30.07909899,
121.81826966,30.07910287,
121.81816570,30.07910674,
121.81806171,30.07911005,
121.81795768,30.07911240,
121.81785366,30.07911475,
121.81774963,30.07911710,
121.81764561,30.07911945,
121.81754158,30.07912181,
121.81743755,30.07912419,
121.81733353,30.07912657,
121.81722950,30.07912896,
121.81712548,30.07913134,
121.81702151,30.07913466,
121.81691766,30.07914037,
121.81681382,30.07914609,
121.81670998,30.07915180,
121.81660614,30.07915752,
121.81650229,30.07916324,
121.81639846,30.07916901,
121.81629462,30.07917478,
121.81619078,30.07918055,
121.81608694,30.07918631,
121.81598311,30.07919208,
121.81587923,30.07918799,
121.81577534,30.07918255,
121.81567145,30.07917710,
121.81556756,30.07917165,
121.81546373,30.07916574,
121.81536040,30.07915484,
121.81525708,30.07914393,
121.81515376,30.07913302,
121.81505044,30.07912212,
121.81494712,30.07911121,
121.81484428,30.07909740,
121.81474154,30.07908291,
121.81463880,30.07906842,
121.81453607,30.07905394,
121.81443333,30.07903945,
121.81433060,30.07902493,
121.81422787,30.07901041,
121.81412514,30.07899589,
121.81402241,30.07898137,
121.81391969,30.07896685,
121.81381623,30.07895761,
121.81371247,30.07895063,
121.81360870,30.07894365,
121.81350494,30.07893667,
121.81340118,30.07892969,
121.81329741,30.07892267,
121.81319365,30.07891565,
121.81308989,30.07890863,
121.81298613,30.07890162,
121.81288237,30.07889470,
121.81277831,30.07889353,
121.81267426,30.07889236,
121.81257020,30.07889119,
121.81246615,30.07889002,
121.81236209,30.07888892,
121.81225804,30.07888976,
121.81215399,30.07889060,
121.81204993,30.07889144,
121.81194588,30.07889228,
121.81184182,30.07889312,
121.81173819,30.07890026,
121.81163470,30.07890943,
121.81153120,30.07891860,
121.81142771,30.07892777,
121.81132421,30.07893694,
121.81122072,30.07894612,
121.81111723,30.07895530,
121.81101374,30.07896448,
121.81091024,30.07897366,
121.81080675,30.07898284,
121.81070313,30.07898284,
121.81059941,30.07897543,
121.81049569,30.07896802,
121.81039197,30.07896061,
121.81028825,30.07895321,
121.81018453,30.07894582,
121.81008081,30.07893843,
121.80997709,30.07893104,
121.80987336,30.07892365,
121.80976964,30.07891626,
121.80966579,30.07891055,
121.80956191,30.07890509,
121.80945803,30.07889963,
121.80935416,30.07889417,
121.80925028,30.07888889,
121.80914622,30.07888889,
121.80904217,30.07888889,
121.80893811,30.07888889,
121.80883406,30.07888889,
121.80873002,30.07888928,
121.80862641,30.07889743,
121.80852281,30.07890558,
121.80841920,30.07891373,
121.80831559,30.07892187,
121.80821199,30.07893002,
121.80810838,30.07893819,
121.80800478,30.07894636,
121.80790118,30.07895454,
121.80779757,30.07896271,
121.80769376,30.07896621,
121.80758972,30.07896468,
121.80748568,30.07896315,
121.80738163,30.07896163,
121.80727759,30.07896011,
121.80717355,30.07895858,
121.80706951,30.07895706,
121.80696547,30.07895553,
121.80686143,30.07895401,
121.80675739,30.07895248,
121.80665335,30.07895096,
121.80654932,30.07895131,
121.80644530,30.07895317,
121.80634128,30.07895503,
121.80623725,30.07895689,
121.80613323,30.07895844,
121.80602921,30.07895621,
121.80592518,30.07895398,
121.80582116,30.07895175,
121.80571714,30.07894952,
121.80561312,30.07894772,
121.80550911,30.07895012,
121.80540511,30.07895251,
121.80530110,30.07895490,
121.80519709,30.07895730,
121.80509309,30.07895969,
121.80498908,30.07896209,
121.80488508,30.07896449,
121.80478107,30.07896689,
121.80467707,30.07896929,
121.80457312,30.07896951,
121.80446934,30.07896295,
121.80436555,30.07895638,
121.80426177,30.07894981,
121.80415799,30.07894324,
121.80405421,30.07893668,
121.80395042,30.07893016,
121.80384664,30.07892365,
121.80374285,30.07891713,
121.80363907,30.07891061,
121.80353526,30.07890464,
121.80343122,30.07890386,
121.80332718,30.07890307,
121.80322314,30.07890228,
121.80311909,30.07890150,
121.80301505,30.07890072,
121.80291101,30.07889998,
121.80280697,30.07889924,
121.80270293,30.07889849,
121.80259889,30.07889775,
121.80249485,30.07889697,
121.80239081,30.07889610,
121.80228677,30.07889523,
121.80218274,30.07889436,
121.80207870,30.07889349,
121.80197466,30.07889261,
121.80187062,30.07889166,
121.80176659,30.07889071,
121.80166255,30.07888976,
121.80155852,30.07888882,
121.80145458,30.07888549,
121.80135075,30.07887965,
121.80124692,30.07887381,
121.80114309,30.07886797,
121.80103925,30.07886213,
121.80093543,30.07885628,
121.80083160,30.07885037,
121.80072778,30.07884447,
121.80062395,30.07883857,
121.80052013,30.07883266,
121.80041625,30.07882849,
121.80031221,30.07882910,
121.80020818,30.07882971,
121.80010415,30.07883031,
121.80000012,30.07883092,
121.79989608,30.07883152,
121.79979205,30.07883206,
121.79968802,30.07883260,
121.79958399,30.07883314,
121.79947995,30.07883368,
121.79937598,30.07883141,
121.79927204,30.07882740,
121.79916810,30.07882339,
121.79906417,30.07881939,
121.79896023,30.07881538,
121.79885629,30.07881136,
121.79875236,30.07880729,
121.79864842,30.07880323,
121.79854449,30.07879917,
121.79844056,30.07879511,
121.79833662,30.07879105,
121.79823260,30.07879123,
121.79812857,30.07879164,
121.79802454,30.07879206,
121.79792051,30.07879248,
121.79781648,30.07879290,
121.79771245,30.07879333,
121.79760843,30.07879376,
121.79750440,30.07879418,
121.79740037,30.07879461,
121.79729636,30.07879456,
121.79719249,30.07878950,
121.79708861,30.07878443,
121.79698474,30.07877937,
121.79688087,30.07877430,
121.79677700,30.07876922,
121.79667313,30.07876410,
121.79656926,30.07875898,
121.79646540,30.07875386,
121.79636153,30.07874874,
121.79625761,30.07874519,
121.79615358,30.07874491,
121.79604956,30.07874463,
121.79594553,30.07874435,
121.79584151,30.07874407,
121.79573748,30.07874381,
121.79563346,30.07874359,
121.79552944,30.07874337,
121.79542541,30.07874314,
121.79532144,30.07874073,
121.79521750,30.07873705,
121.79511356,30.07873337,
121.79500961,30.07872969,
121.79490567,30.07872600,
121.79480173,30.07872232,
121.79469779,30.07871864,
121.79459385,30.07871496,
121.79448991,30.07871129,
121.79438597,30.07870761,
121.79428203,30.07870393,
121.79417813,30.07869964,
121.79407447,30.07869207,
121.79397080,30.07868451,
121.79386714,30.07867694,
121.79376348,30.07866937,
121.79365981,30.07866181,
121.79355615,30.07865425,
121.79345249,30.07864668,
121.79334883,30.07863912,
121.79324517,30.07863156,
121.79314128,30.07862934,
121.79303726,30.07863002,
121.79293325,30.07863071,
121.79282924,30.07863140,
121.79272523,30.07863209,
121.79262122,30.07863279,
121.79251721,30.07863352,
121.79241320,30.07863424,
121.79230919,30.07863497,
121.79220518,30.07863570,
121.79210226,30.07862754,
121.79200078,30.07860770,
121.79189930,30.07858787,
121.79179782,30.07856803,
121.79169634,30.07854820,
121.79159486,30.07852836,
121.79149338,30.07850853,
121.79139190,30.07848869,
121.79129042,30.07846886,
121.79118894,30.07844902,
121.79108713,30.07843066,
121.79098452,30.07841586,
121.79088190,30.07840106,
121.79077929,30.07838627,
121.79067667,30.07837147,
121.79057406,30.07835668,
121.79047143,30.07834194,
121.79036881,30.07832720,
121.79026619,30.07831247,
121.79016356,30.07829773,
121.79006094,30.07828299,
121.78995711,30.07828684,
121.78985324,30.07829133,
121.78974938,30.07829582,
121.78964551,30.07830032,
121.78954164,30.07830481,
121.78943778,30.07830935,
121.78933391,30.07831389,
121.78923005,30.07831842,
121.78912619,30.07832296,
121.78902232,30.07832750,
121.78891846,30.07833204,
121.78881459,30.07833640,
121.78871071,30.07834068,
121.78860683,30.07834497,
121.78850296,30.07834927,
121.78839909,30.07835364,
121.78829522,30.07835800,
121.78819135,30.07836237,
121.78808748,30.07836674,
121.78798361,30.07837111,
121.78787968,30.07837434,
121.78777574,30.07837729,
121.78767181,30.07838025,
121.78756787,30.07838321,
121.78746393,30.07838618,
121.78736000,30.07838919,
121.78725606,30.07839221,
121.78715213,30.07839522,
121.78704820,30.07839824,
121.78694427,30.07840132,
121.78684034,30.07840444,
121.78673641,30.07840757,
121.78663248,30.07841070,
121.78652856,30.07841383,
121.78642463,30.07841695,
121.78632070,30.07842006,
121.78621677,30.07842316,
121.78611285,30.07842627,
121.78600892,30.07842938,
121.78590499,30.07843230,
121.78580101,30.07843326,
121.78569702,30.07843423,
121.78559304,30.07843519,
121.78548905,30.07843615,
121.78538507,30.07843712,
121.78528109,30.07843814,
121.78517710,30.07843916,
121.78507312,30.07844018,
121.78496914,30.07844119,
121.78486521,30.07844040,
121.78476142,30.07843468,
121.78465764,30.07842896,
121.78455385,30.07842324,
121.78445007,30.07841752,
121.78434628,30.07841180,
121.78424250,30.07840608,
121.78413871,30.07840037,
121.78403493,30.07839465,
121.78393114,30.07838894,
121.78382727,30.07838641,
121.78372330,30.07838769,
121.78361933,30.07838897,
121.78351536,30.07839025,
121.78341138,30.07839153,
121.78330741,30.07839282,
121.78320344,30.07839415,
121.78309947,30.07839548,
121.78299550,30.07839681,
121.78289154,30.07839814,
121.78278758,30.07839925,
121.78268392,30.07839204,
121.78258026,30.07838482,
121.78247661,30.07837760,
121.78237295,30.07837039,
121.78226930,30.07836316,
121.78216565,30.07835590,
121.78206200,30.07834864,
121.78195835,30.07834139,
121.78185470,30.07833413,
121.78175100,30.07832826,
121.78164704,30.07832949,
121.78154307,30.07833072,
121.78143911,30.07833195,
121.78133514,30.07833318,
121.78123118,30.07833441,
121.78112721,30.07833564,
121.78102325,30.07833687,
121.78091929,30.07833810,
121.78081532,30.07833933,
121.78071148,30.07833818,
121.78060805,30.07832893,
121.78050461,30.07831968,
121.78040118,30.07831044,
121.78029775,30.07830119,
121.78019432,30.07829192,
121.78009089,30.07828260,
121.77998747,30.07827327,
121.77988405,30.07826394,
121.77978063,30.07825461,
121.77967721,30.07824529,
121.77957346,30.07824741,
121.77946963,30.07825204,
121.77936581,30.07825668,
121.77926198,30.07826131,
121.77915816,30.07826594,
121.77905434,30.07827057,
121.77895051,30.07827520,
121.77884669,30.07827983,
121.77874287,30.07828446,
121.77863908,30.07828537,
121.77853535,30.07827918,
121.77843163,30.07827300,
121.77832790,30.07826681,
121.77822418,30.07826062,
121.77812045,30.07825443,
121.77801673,30.07824826,
121.77791300,30.07824208,
121.77780928,30.07823591,
121.77770555,30.07822973,
121.77760174,30.07822702,
121.77749782,30.07822920,
121.77739389,30.07823139,
121.77728996,30.07823358,
121.77718603,30.07823578,
121.77708211,30.07823798,
121.77697818,30.07824023,
121.77687426,30.07824247,
121.77677034,30.07824472,
121.77666641,30.07824696,
121.77656265,30.07824597,
121.77645931,30.07823610,
121.77635597,30.07822624,
121.77625263,30.07821637,
121.77614929,30.07820651,
121.77604595,30.07819666,
121.77594260,30.07818687,
121.77583925,30.07817708,
121.77573591,30.07816729,
121.77563256,30.07815750,
121.77552921,30.07814771,
121.77542537,30.07814833,
121.77532146,30.07815057,
121.77521754,30.07815281,
121.77511362,30.07815505,
121.77500970,30.07815731,
121.77490579,30.07815961,
121.77480188,30.07816191,
121.77469796,30.07816422,
121.77459405,30.07816652,
121.77449021,30.07816598,
121.77438651,30.07815970,
121.77428280,30.07815341,
121.77417910,30.07814713,
121.77407540,30.07814084,
121.77397171,30.07813456,
121.77386801,30.07812827,
121.77376431,30.07812199,
121.77366061,30.07811570,
121.77355691,30.07810942,
121.77345321,30.07810314,
121.77334934,30.07810008,
121.77324543,30.07809758,
121.77314153,30.07809508,
121.77303762,30.07809257,
121.77293371,30.07809008,
121.77282981,30.07808762,
121.77272590,30.07808516,
121.77262200,30.07808269,
121.77251809,30.07808023,
121.77241417,30.07807859,
121.77231023,30.07807794,
121.77220630,30.07807729,
121.77210236,30.07807664,
121.77199842,30.07807600,
121.77189449,30.07807535,
121.77179055,30.07807473,
121.77168661,30.07807410,
121.77158268,30.07807348,
121.77147874,30.07807285,
121.77137481,30.07807223,
121.77127102,30.07806733,
121.77116724,30.07806236,
121.77106346,30.07805739,
121.77095968,30.07805243,
121.77085590,30.07804745,
121.77075212,30.07804248,
121.77064835,30.07803750,
121.77054457,30.07803252,
121.77044079,30.07802754,
121.77033769,30.07801765,
121.77023548,30.07800131,
121.77013326,30.07798497,
121.77003105,30.07796864,
121.76992884,30.07795230,
121.76982662,30.07793599,
121.76972440,30.07791971,
121.76962218,30.07790343,
121.76951996,30.07788716,
121.76941773,30.07787088,
121.76931513,30.07785785,
121.76921123,30.07785573,
121.76910733,30.07785362,
121.76900343,30.07785150,
121.76889953,30.07784939,
121.76879563,30.07784729,
121.76869173,30.07784526,
121.76858783,30.07784323,
121.76848393,30.07784120,
121.76838003,30.07783917,
121.76827614,30.07783701,
121.76817241,30.07783144,
121.76806869,30.07782586,
121.76796496,30.07782029,
121.76786124,30.07781472,
121.76775751,30.07780913,
121.76765379,30.07780352,
121.76755007,30.07779792,
121.76744635,30.07779231,
121.76734263,30.07778670,
121.76723895,30.07778203,
121.76713598,30.07779409,
121.76703301,30.07780615,
121.76693004,30.07781821,
121.76682708,30.07783027,
121.76672411,30.07784233,
121.76662114,30.07785437,
121.76651817,30.07786641,
121.76641520,30.07787845,
121.76631223,30.07789050,
121.76620927,30.07790254,
121.76610537,30.07790284,
121.76600146,30.07790289,
121.76589755,30.07790295,
121.76579363,30.07790301,
121.76568972,30.07790308,
121.76558581,30.07790319,
121.76548190,30.07790330,
121.76537799,30.07790342,
121.76527408,30.07790353,
121.76517019,30.07790273,
121.76506633,30.07789986,
121.76496247,30.07789700,
121.76485861,30.07789413,
121.76475476,30.07789127,
121.76465090,30.07788840,
121.76454705,30.07788548,
121.76444319,30.07788257,
121.76433934,30.07787965,
121.76423549,30.07787674,
121.76413163,30.07787382,
121.76402796,30.07786798,
121.76392432,30.07786155,
121.76382067,30.07785513,
121.76371703,30.07784870,
121.76361339,30.07784226,
121.76350976,30.07783579,
121.76340612,30.07782932,
121.76330249,30.07782285,
121.76319885,30.07781638,
121.76309518,30.07781071,
121.76299129,30.07780986,
121.76288739,30.07780902,
121.76278350,30.07780817,
121.76267960,30.07780733,
121.76257571,30.07780648,
121.76247181,30.07780561,
121.76236792,30.07780474,
121.76226403,30.07780387,
121.76216014,30.07780301,
121.76205625,30.07780214,
121.76195435,30.07778981,
121.76185479,30.07776410,
121.76175523,30.07773839,
121.76165567,30.07771268,
121.76155611,30.07768698,
121.76145733,30.07765913,
121.76135875,30.07763073,
121.76126017,30.07760233,
121.76116160,30.07757393,
121.76106302,30.07754553,
121.76096445,30.07751712,
121.76086588,30.07748870,
121.76076732,30.07746029,
121.76066875,30.07743187,
121.76057018,30.07740346,
121.76047194,30.07737423,
121.76037418,30.07734381,
121.76027641,30.07731340,
121.76017865,30.07728298,
121.76008089,30.07725257,
121.75998312,30.07722216,
121.75988535,30.07719176,
121.75978758,30.07716137,
121.75968982,30.07713097,
121.75959205,30.07710057,
121.75949552,30.07706737,
121.75939935,30.07703339,
121.75930318,30.07699940,
121.75920700,30.07696542,
121.75911083,30.07693143,
121.75901465,30.07689746,
121.75891847,30.07686349,
121.75882230,30.07682952,
121.75872612,30.07679555,
121.75863014,30.07676122,
121.75853975,30.07671693,
121.75844936,30.07667264,
121.75835897,30.07662835,
121.75826858,30.07658406,
121.75817820,30.07653977,
121.75808778,30.07649552,
121.75799735,30.07645130,
121.75790692,30.07640708,
121.75781649,30.07636286,
121.75772606,30.07631864,
121.75763468,30.07627603,
121.75754008,30.07623892,
121.75744547,30.07620181,
121.75735087,30.07616470,
121.75725626,30.07612759,
121.75716165,30.07609050,
121.75706703,30.07605342,
121.75697241,30.07601635,
121.75687779,30.07597927,
121.75678317,30.07594220,
121.75668495,30.07591506,
121.75658278,30.07589887,
121.75648061,30.07588267,
121.75637844,30.07586647,
121.75627627,30.07585027,
121.75617410,30.07583409,
121.75607193,30.07581793,
121.75596975,30.07580178,
121.75586757,30.07578562,
121.75576540,30.07576947,
121.75566358,30.07575184,
121.75556237,30.07573164,
121.75546116,30.07571144,
121.75535995,30.07569125,
121.75525875,30.07567105,
121.75515754,30.07565085,
121.75505632,30.07563070,
121.75495510,30.07561056,
121.75485388,30.07559041,
121.75475267,30.07557026,
121.75465499,30.07554132,
121.75456120,30.07550273,
121.75446741,30.07546414,
121.75437361,30.07542555,
121.75427982,30.07538696,
121.75418603,30.07534837,
121.75409226,30.07530975,
121.75399848,30.07527114,
121.75390471,30.07523252,
121.75381093,30.07519391,
121.75371759,30.07515459,
121.75362785,30.07510936,
121.75353812,30.07506413,
121.75344838,30.07501891,
121.75335865,30.07497368,
121.75326848,30.07492920,
121.75317312,30.07489361,
121.75307777,30.07485803,
121.75298241,30.07482244,
121.75288705,30.07478686,
121.75279113,30.07475250,
121.75269355,30.07472177,
121.75259596,30.07469104,
121.75249838,30.07466030,
121.75240080,30.07462957,
121.75230321,30.07459884,
121.75220563,30.07456811,
121.75210805,30.07453738,
121.75201047,30.07450665,
121.75191289,30.07447592,
121.75181530,30.07444519,
121.75171324,30.07442900,
121.75161093,30.07441360,
121.75150863,30.07439820,
121.75140632,30.07438280,
121.75130402,30.07436740,
121.75120443,30.07434216,
121.75110516,30.07431582,
121.75100589,30.07428947,
121.75090661,30.07426312,
121.75080734,30.07423678,
121.75070797,30.07421070,
121.75060859,30.07418468,
121.75050920,30.07415865,
121.75040982,30.07413262,
121.75031044,30.07410659,
121.75021215,30.07407809,
121.75011788,30.07404042,
121.75002362,30.07400275,
121.74992935,30.07396509,
121.74983509,30.07392742,
121.74974003,30.07389129,
121.74964479,30.07385553,
121.74954954,30.07381976,
121.74945430,30.07378400,
121.74935905,30.07374823,
121.74926144,30.07371770,
121.74916343,30.07368806,
121.74906542,30.07365841,
121.74896741,30.07362877,
121.74886939,30.07359913,
121.74877137,30.07356953,
121.74867334,30.07353994,
121.74857531,30.07351034,
121.74847728,30.07348075,
121.74837925,30.07345116,
121.74828137,30.07342122,
121.74818473,30.07338840,
121.74808809,30.07335558,
121.74799144,30.07332276,
121.74789480,30.07328994,
121.74779816,30.07325712,
121.74770152,30.07322430,
121.74760488,30.07319148,
121.74750824,30.07315867,
121.74741117,30.07312710,
121.74730944,30.07310915,
121.74720772,30.07309119,
121.74710600,30.07307324,
121.74700427,30.07305529,
121.74690255,30.07303733,
121.74680082,30.07301942,
121.74669908,30.07300152,
121.74659735,30.07298363,
121.74649562,30.07296574,
121.74639388,30.07294785,
121.74629437,30.07292392,
121.74619940,30.07288765,
121.74610443,30.07285139,
121.74600946,30.07281512,
121.74591449,30.07277886,
121.74581952,30.07274259,
121.74572455,30.07270632,
121.74562959,30.07267005,
121.74553463,30.07263377,
121.74543966,30.07259750,
121.74534416,30.07256237,
121.74524721,30.07253026,
121.74515027,30.07249816,
121.74505332,30.07246606,
121.74495637,30.07243396,
121.74485944,30.07240182,
121.74476253,30.07236965,
121.74466562,30.07233748,
121.74456871,30.07230530,
121.74447179,30.07227313,
121.74437734,30.07223616,
121.74428463,30.07219577,
121.74419193,30.07215537,
121.74409923,30.07211497,
121.74400652,30.07207458,
121.74391381,30.07203420,
121.74382107,30.07199386,
121.74372834,30.07195353,
121.74363560,30.07191319,
121.74354287,30.07187286,
121.74344916,30.07183472,
121.74334896,30.07181129,
121.74324876,30.07178785,
121.74314856,30.07176441,
121.74304837,30.07174098,
121.74294817,30.07171753,
121.74284799,30.07169406,
121.74274781,30.07167058,
121.74264763,30.07164711,
121.74254744,30.07162363,
121.74244951,30.07159502,
121.74235652,30.07155514,
121.74226353,30.07151527,
121.74217054,30.07147539,
121.74207755,30.07143552,
121.74198287,30.07139910,
121.74188492,30.07136942,
121.74178696,30.07133975,
121.74168901,30.07131007,
121.74159106,30.07128039,
121.74149306,30.07125085,
121.74139414,30.07122368,
121.74129522,30.07119651,
121.74119630,30.07116934,
121.74109739,30.07114217,
121.74099847,30.07111500,
121.74089640,30.07110248,
121.74079280,30.07109709,
121.74068920,30.07109171,
121.74058560,30.07108632,
121.74048200,30.07108093,
121.74038149,30.07106152,
121.74028287,30.07103357,
121.74018425,30.07100562,
121.74008563,30.07097766,
121.73998686,30.07095022,
121.73988514,30.07093241,
121.73978343,30.07091460,
121.73968171,30.07089679,
121.73958000,30.07087898,
121.73947828,30.07086117,
121.73937860,30.07083771,
121.73928311,30.07080256,
121.73918762,30.07076742,
121.73909214,30.07073227,
121.73899665,30.07069712,
121.73890116,30.07066197,
121.73880568,30.07062683,
121.73871019,30.07059168,
121.73861471,30.07055654,
121.73851922,30.07052139,
121.73842302,30.07048783,
121.73832539,30.07045741,
121.73822777,30.07042699,
121.73813014,30.07039656,
121.73803252,30.07036614,
121.73793489,30.07033571,
121.73783728,30.07030527,
121.73773966,30.07027483,
121.73764205,30.07024440,
121.73754443,30.07021396,
121.73744552,30.07018705,
121.73734554,30.07016301,
121.73724557,30.07013897,
121.73714560,30.07011494,
121.73704562,30.07009090,
121.73694565,30.07006688,
121.73684568,30.07004285,
121.73674570,30.07001883,
121.73664573,30.06999481,
121.73654575,30.06997078,
121.73645115,30.06993496,
121.73635910,30.06989355,
121.73626705,30.06985214,
121.73617499,30.06981073,
121.73608294,30.06976932,
121.73599089,30.06972791,
121.73589882,30.06968652,
121.73580676,30.06964513,
121.73571470,30.06960373,
121.73562264,30.06956234,
121.73552642,30.06953029,
121.73542605,30.06950757,
121.73532568,30.06948484,
121.73522531,30.06946212,
121.73512494,30.06943939,
121.73502457,30.06941667,
121.73492420,30.06939393,
121.73482383,30.06937120,
121.73472347,30.06934846,
121.73462310,30.06932573,
121.73452333,30.06930138,
121.73442615,30.06926997,
121.73432897,30.06923855,
121.73423179,30.06920714,
121.73413461,30.06917572,
121.73403742,30.06914431,
121.73394022,30.06911295,
121.73384302,30.06908158,
121.73374582,30.06905022,
121.73364862,30.06901885,
121.73355143,30.06898749,
121.73345638,30.06895153,
121.73336137,30.06891550,
121.73326636,30.06887946,
121.73317136,30.06884342,
121.73307635,30.06880739,
121.73298135,30.06877135,
121.73288634,30.06873531,
121.73279134,30.06869928,
121.73269633,30.06866324,
121.73260104,30.06862785,
121.73250268,30.06859935,
121.73240431,30.06857085,
121.73230594,30.06854236,
121.73220758,30.06851386,
121.73210922,30.06848537,
121.73201085,30.06845687,
121.73191249,30.06842838,
121.73181413,30.06839988,
121.73171576,30.06837139,
121.73161740,30.06834290,
121.73151917,30.06831407,
121.73142099,30.06828512,
121.73132280,30.06825618,
121.73122462,30.06822723,
121.73112644,30.06819829,
121.73102823,30.06816940,
121.73093003,30.06814051,
121.73083182,30.06811163,
121.73073362,30.06808275,
121.73063541,30.06805386,
121.73053710,30.06802526,
121.73043874,30.06799678,
121.73034038,30.06796830,
121.73024202,30.06793981,
121.73014366,30.06791133,
121.73004532,30.06788281,
121.72994698,30.06785428,
121.72984864,30.06782576,
121.72975031,30.06779723,
121.72965197,30.06776870,
121.72955477,30.06773756,
121.72945906,30.06770298,
121.72936336,30.06766840,
121.72926765,30.06763382,
121.72917195,30.06759924,
121.72907623,30.06756469,
121.72898051,30.06753014,
121.72888479,30.06749559,
121.72878908,30.06746105,
121.72869282,30.06742769,
121.72859537,30.06739700,
121.72849791,30.06736630,
121.72840046,30.06733560,
121.72830301,30.06730491,
121.72820555,30.06727421,
121.72811042,30.06723857,
121.72801580,30.06720183,
121.72792119,30.06716510,
121.72782657,30.06712836,
121.72773196,30.06709162,
121.72764308,30.06704711,
121.72756482,30.06698822,
121.72748655,30.06692934,
121.72740829,30.06687046,
121.72733002,30.06681157,
121.72725176,30.06675269,
121.72717349,30.06669381,
121.72709828,30.06663210,
121.72702536,30.06656828,
121.72695244,30.06650446,
121.72687952,30.06644064,
121.72680660,30.06637683,
121.72673471,30.06631217,
121.72666624,30.06624476,
121.72659778,30.06617734,
121.72652931,30.06610993,
121.72646084,30.06604251,
121.72639237,30.06597510,
121.72632387,30.06590771,
121.72625538,30.06584032,
121.72618688,30.06577293,
121.72611838,30.06570553,
121.72604845,30.06563935,
121.72597235,30.06557839,
121.72589625,30.06551742,
121.72582015,30.06545646,
121.72574405,30.06539549,
121.72566795,30.06533453,
121.72559180,30.06527362,
121.72551565,30.06521270,
121.72543949,30.06515179,
121.72536334,30.06509088,
121.72528719,30.06502997,
121.72521320,30.06496711,
121.72514002,30.06490352,
121.72506684,30.06483994,
121.72499366,30.06477635,
121.72492048,30.06471276,
121.72484731,30.06464917,
121.72477414,30.06458558,
121.72470097,30.06452199,
121.72462780,30.06445840,
121.72455096,30.06439825,
121.72447195,30.06434014,
121.72439294,30.06428203,
121.72431392,30.06422392,
121.72423491,30.06416581,
121.72415590,30.06410770,
121.72407689,30.06404958,
121.72399789,30.06399146,
121.72391889,30.06393334,
121.72383989,30.06387523,
121.72376332,30.06381496,
121.72369483,30.06374758,
121.72362634,30.06368019,
121.72355785,30.06361281,
121.72348936,30.06354542,
121.72342087,30.06347804,
121.72335236,30.06341068,
121.72328384,30.06334331,
121.72321532,30.06327595,
121.72314680,30.06320859,
121.72307829,30.06314123,
121.72300714,30.06307598,
121.72293462,30.06301185,
121.72286209,30.06294771,
121.72278957,30.06288358,
121.72271704,30.06281945,
121.72264447,30.06275535,
121.72257190,30.06269126,
121.72249933,30.06262716,
121.72242676,30.06256307,
121.72235416,30.06249901,
121.72228112,30.06243531,
121.72220809,30.06237162,
121.72213505,30.06230792,
121.72206202,30.06224423,
121.72198899,30.06218053,
121.72191596,30.06211683,
121.72184295,30.06205312,
121.72176993,30.06198941,
121.72169691,30.06192571,
121.72162414,30.06186178,
121.72155197,30.06179736,
121.72147979,30.06173294,
121.72140762,30.06166852,
121.72133544,30.06160409,
121.72126327,30.06153967,
121.72118944,30.06147668,
121.72111526,30.06141399,
121.72104109,30.06135130,
121.72096691,30.06128861,
121.72089248,30.06122615,
121.72081739,30.06116428,
121.72074230,30.06110241,
121.72066721,30.06104054,
121.72059213,30.06097867,
121.72051704,30.06091680,
121.72044195,30.06085493,
121.72036686,30.06079307,
121.72029177,30.06073120,
121.72021668,30.06066934,
121.72014173,30.06060734,
121.72006798,30.06054429,
121.71999422,30.06048123,
121.71992046,30.06041817,
121.71984671,30.06035512,
121.71977295,30.06029206,
121.71969916,30.06022904,
121.71962537,30.06016602,
121.71955157,30.06010300,
121.71947778,30.06003998,
121.71940409,30.05997686,
121.71933283,30.05991169,
121.71926156,30.05984652,
121.71919030,30.05978136,
121.71911904,30.05971619,
121.71904777,30.05965102,
121.71897651,30.05958585,
121.71890525,30.05952069,
121.71883398,30.05945552,
121.71876272,30.05939035,
121.71869146,30.05932519,
121.71862123,30.05925918,
121.71855136,30.05919290,
121.71848149,30.05912661,
121.71841162,30.05906032,
121.71834167,30.05899409,
121.71826794,30.05893103,
121.71819421,30.05886796,
121.71812047,30.05880490,
121.71804674,30.05874183,
121.71797300,30.05867876,
121.71789928,30.05861569,
121.71782557,30.05855260,
121.71775185,30.05848952,
121.71767814,30.05842644,
121.71760443,30.05836336,
121.71753377,30.05829771,
121.71746328,30.05823193,
121.71739278,30.05816614,
121.71732228,30.05810036,
121.71725178,30.05803458,
121.71718131,30.05796878,
121.71711085,30.05790297,
121.71704038,30.05783716,
121.71696991,30.05777136,
121.71689945,30.05770555,
121.71682558,30.05764267,
121.71675025,30.05758104,
121.71667492,30.05751942,
121.71659959,30.05745779,
121.71652426,30.05739616,
121.71644893,30.05733453,
121.71637360,30.05727291,
121.71629828,30.05721128,
121.71622295,30.05714966,
121.71614793,30.05708776,
121.71607608,30.05702309,
121.71600422,30.05695843,
121.71593236,30.05689377,
121.71586050,30.05682911,
121.71578865,30.05676445,
121.71571679,30.05669979,
121.71564493,30.05663513,
121.71557308,30.05657047,
121.71550122,30.05650581,
121.71542936,30.05644115,
121.71535517,30.05637855,
121.71527909,30.05631763,
121.71520301,30.05625671,
121.71512693,30.05619578,
121.71505085,30.05613486,
121.71497482,30.05607390,
121.71489880,30.05601292,
121.71482278,30.05595194,
121.71474676,30.05589096,
121.71467074,30.05582999,
121.71459770,30.05576634,
121.71452495,30.05570244,
121.71445220,30.05563854,
121.71437945,30.05557464,
121.71430670,30.05551074,
121.71423395,30.05544684,
121.71416121,30.05538293,
121.71408847,30.05531903,
121.71401573,30.05525512,
121.71394299,30.05519121,
121.71386982,30.05512768,
121.71379621,30.05506453,
121.71372259,30.05500138,
121.71364897,30.05493824,
121.71357535,30.05487509,
121.71350175,30.05481193,
121.71342816,30.05474876,
121.71335458,30.05468559,
121.71328100,30.05462241,
121.71320741,30.05455924,
121.71313421,30.05449573,
121.71306193,30.05443144,
121.71298965,30.05436715,
121.71291737,30.05430286,
121.71284509,30.05423857,
121.71277280,30.05417428,
121.71270049,30.05411001,
121.71262819,30.05404575,
121.71255588,30.05398148,
121.71248357,30.05391721,
121.71241008,30.05385401,
121.71233350,30.05379357,
121.71225692,30.05373313,
121.71218035,30.05367269,
121.71210377,30.05361225,
121.71202857,30.05355058,
121.71195606,30.05348648,
121.71188354,30.05342239,
121.71181103,30.05335830,
121.71173852,30.05329421,
121.71166600,30.05323013,
121.71159348,30.05316605,
121.71152096,30.05310197,
121.71144843,30.05303788,
121.71137591,30.05297380,
121.71130341,30.05290971,
121.71123095,30.05284558,
121.71115849,30.05278145,
121.71108602,30.05271732,
121.71101356,30.05265319,
121.71094081,30.05258931,
121.71086600,30.05252724,
121.71079120,30.05246516,
121.71071640,30.05240308,
121.71064159,30.05234101,
121.71056679,30.05227893,
121.71049202,30.05221682,
121.71041725,30.05215471,
121.71034249,30.05209261,
121.71026772,30.05203050,
121.71019345,30.05196798,
121.71012504,30.05190060,
121.71005662,30.05183321,
121.70998820,30.05176583,
121.70991978,30.05169845,
121.70985137,30.05163107,
121.70978299,30.05156366,
121.70971461,30.05149626,
121.70964622,30.05142885,
121.70957784,30.05136145,
121.70950592,30.05129705,
121.70942933,30.05123664,
121.70935274,30.05117623,
121.70927615,30.05111582,
121.70919956,30.05105540,
121.70912298,30.05099499,
121.70904641,30.05093456,
121.70896985,30.05087412,
121.70889328,30.05081369,
121.70881671,30.05075326,
121.70874015,30.05069283,
121.70866602,30.05063021,
121.70859365,30.05056601,
121.70852129,30.05050181,
121.70844892,30.05043761,
121.70837655,30.05037341,
121.70830416,30.05030923,
121.70823176,30.05024506,
121.70815937,30.05018089,
121.70808697,30.05011671,
121.70801457,30.05005254,
121.70794565,30.04998559,
121.70787768,30.04991788,
121.70780970,30.04985017,
121.70774172,30.04978247,
121.70767374,30.04971476,
121.70760073,30.04965127,
121.70752502,30.04959004,
121.70744931,30.04952882,
121.70737359,30.04946759,
121.70729788,30.04940636,
121.70722283,30.04934453,
121.70714846,30.04928208,
121.70707409,30.04921963,
121.70699973,30.04915718,
121.70692536,30.04909472,
121.70685099,30.04903227,
121.70677663,30.04896982,
121.70670226,30.04890737,
121.70662790,30.04884492,
121.70655353,30.04878246,
121.70648290,30.04871696,
121.70641549,30.04864884,
121.70634807,30.04858072,
121.70628065,30.04851260,
121.70621324,30.04844448,
121.70614255,30.04837906,
121.70606734,30.04831737,
121.70599214,30.04825568,
121.70591693,30.04819399,
121.70584173,30.04813230,
121.70576652,30.04807062,
121.70569130,30.04800894,
121.70561608,30.04794727,
121.70554086,30.04788559,
121.70546565,30.04782392,
121.70539088,30.04776184,
121.70531741,30.04769860,
121.70524394,30.04763536,
121.70517047,30.04757212,
121.70509700,30.04750889,
121.70502352,30.04744566,
121.70495001,30.04738245,
121.70487651,30.04731925,
121.70480301,30.04725604,
121.70472951,30.04719283,
121.70465645,30.04712924,
121.70458364,30.04706543,
121.70451083,30.04700163,
121.70443802,30.04693783,
121.70436520,30.04687402,
121.70429237,30.04681024,
121.70421950,30.04674648,
121.70414663,30.04668273,
121.70407377,30.04661898,
121.70400090,30.04655522,
121.70392813,30.04649139,
121.70385584,30.04642714,
121.70378355,30.04636289,
121.70371127,30.04629864,
121.70363898,30.04623439,
121.70356670,30.04617014,
121.70349444,30.04610587,
121.70342219,30.04604159,
121.70334993,30.04597732,
121.70327767,30.04591305,
121.70320514,30.04584902,
121.70313231,30.04578523,
121.70305948,30.04572144,
121.70298666,30.04565766,
121.70291383,30.04559387,
121.70284103,30.04553006,
121.70276827,30.04546623,
121.70269550,30.04540239,
121.70262273,30.04533856,
121.70254997,30.04527472,
121.70247748,30.04521065,
121.70240540,30.04514623,
121.70233332,30.04508181,
121.70226124,30.04501739,
121.70218916,30.04495298,
121.70211708,30.04488856,
121.70204500,30.04482415,
121.70197291,30.04475974,
121.70190083,30.04469533,
121.70182874,30.04463092,
121.70175406,30.04456881,
121.70167829,30.04450766,
121.70160252,30.04444651,
121.70152675,30.04438536,
121.70145098,30.04432421,
121.70137521,30.04426306,
121.70129943,30.04420192,
121.70122366,30.04414077,
121.70114789,30.04407963,
121.70107211,30.04401849,
121.70099684,30.04395691,
121.70092502,30.04389227,
121.70085321,30.04382764,
121.70078139,30.04376300,
121.70070957,30.04369837,
121.70063777,30.04363373,
121.70056598,30.04356907,
121.70049420,30.04350441,
121.70042241,30.04343976,
121.70035063,30.04337510,
121.70027818,30.04331101,
121.70020466,30.04324784,
121.70013114,30.04318467,
121.70005761,30.04312149,
121.69998409,30.04305832,
121.69991057,30.04299515,
121.69983708,30.04293195,
121.69976359,30.04286876,
121.69969009,30.04280556,
121.69961660,30.04274236,
121.69954325,30.04267904,
121.69947035,30.04261534,
121.69939745,30.04255163,
121.69932454,30.04248792,
121.69925164,30.04242422,
121.69917874,30.04236051,
121.69910584,30.04229680,
121.69903294,30.04223309,
121.69896004,30.04216939,
121.69888714,30.04210568,
121.69881431,30.04204192,
121.69874412,30.04197596,
121.69867393,30.04191001,
121.69860374,30.04184405,
121.69853355,30.04177810,
121.69846336,30.04171214,
121.69839317,30.04164619,
121.69831905,30.04158355,
121.69824489,30.04152095,
121.69817073,30.04145834,
121.69809657,30.04139574,
121.69802241,30.04133314,
121.69794825,30.04127053,
121.69787410,30.04120793,
121.69779994,30.04114533,
121.69772578,30.04108273,
121.69765271,30.04101918,
121.69758019,30.04095515,
121.69750768,30.04089112,
121.69743516,30.04082708,
121.69736264,30.04076305,
121.69729013,30.04069903,
121.69721761,30.04063500,
121.69714509,30.04057097,
121.69707257,30.04050694,
121.69700026,30.04044274,
121.69692810,30.04037840,
121.69685595,30.04031406,
121.69678380,30.04024973,
121.69671165,30.04018539,
121.69663950,30.04012105,
121.69656740,30.04005667,
121.69649531,30.03999228,
121.69642322,30.03992790,
121.69635112,30.03986351,
121.69627905,30.03979911,
121.69620736,30.03973438,
121.69613567,30.03966966,
121.69606398,30.03960494,
121.69599229,30.03954022,
121.69592060,30.03947550,
121.69584889,30.03941079,
121.69577718,30.03934609,
121.69570546,30.03928139,
121.69563375,30.03921668,
121.69556245,30.03915165,
121.69549225,30.03908571,
121.69542205,30.03901977,
121.69535185,30.03895384,
121.69528165,30.03888790,
121.69521145,30.03882196,
121.69513827,30.03875852,
121.69506461,30.03869549,
121.69499096,30.03863245,
121.69491730,30.03856942,
121.69484355,30.03850646,
121.69476916,30.03844407,
121.69469478,30.03838169,
121.69462039,30.03831930,
121.69454601,30.03825691,
121.69447162,30.03819452,
121.69439727,30.03813211,
121.69432292,30.03806968,
121.69424857,30.03800726,
121.69417422,30.03794484,
121.69409744,30.03788475,
121.69401858,30.03782664,
121.69393972,30.03776853,
121.69386085,30.03771043,
121.69378199,30.03765232,
121.69370313,30.03759421,
121.69362428,30.03753610,
121.69354543,30.03747798,
121.69346658,30.03741986,
121.69338773,30.03736174,
121.69330888,30.03730363,
121.69323700,30.03723927,
121.69316748,30.03717280,
121.69309796,30.03710633,
121.69302845,30.03703985,
121.69295893,30.03697338,
121.69288942,30.03690690,
121.69281992,30.03684041,
121.69275042,30.03677393,
121.69268092,30.03670744,
121.69261142,30.03664096,
121.69253922,30.03657672,
121.69246565,30.03651361,
121.69239209,30.03645050,
121.69231852,30.03638740,
121.69224495,30.03632429,
121.69217138,30.03626118,
121.69209782,30.03619808,
121.69202425,30.03613497,
121.69195068,30.03607187,
121.69187711,30.03600876,
121.69180564,30.03594387,
121.69173416,30.03587898,
121.69166269,30.03581409,
121.69159122,30.03574920,
121.69151974,30.03568431,
121.69144825,30.03561944,
121.69137674,30.03555458,
121.69130524,30.03548972,
121.69123373,30.03542486,
121.69116222,30.03536000,
121.69108991,30.03529581,
121.69101739,30.03523181,
121.69094486,30.03516780,
121.69087234,30.03510380,
121.69079982,30.03503979,
121.69072728,30.03497580,
121.69065472,30.03491183,
121.69058217,30.03484785,
121.69050961,30.03478387,
121.69043706,30.03471989,
121.69036432,30.03465607,
121.69029126,30.03459253,
121.69021819,30.03452900,
121.69014513,30.03446546,
121.69007206,30.03440192,
121.68999900,30.03433838,
121.68992593,30.03427485,
121.68985286,30.03421131,
121.68977980,30.03414777,
121.68970673,30.03408423,
121.68963370,30.03402067,
121.68956069,30.03395708,
121.68948769,30.03389350,
121.68941468,30.03382991,
121.68934168,30.03376632,
121.68926867,30.03370273,
121.68919566,30.03363915,
121.68912266,30.03357556,
121.68904965,30.03351197,
121.68897665,30.03344839,
121.68890383,30.03338463,
121.68883108,30.03332083,
121.68875833,30.03325703,
121.68868557,30.03319323,
121.68861282,30.03312942,
121.68854004,30.03306564,
121.68846726,30.03300186,
121.68839447,30.03293809,
121.68832169,30.03287431,
121.68824891,30.03281054,
121.68817561,30.03274721,
121.68810187,30.03268426,
121.68802814,30.03262131,
121.68795440,30.03255837,
121.68788066,30.03249542,
121.68780452,30.03243473,
121.68772653,30.03237576,
121.68764854,30.03231679,
121.68757056,30.03225783,
121.68749257,30.03219886,
121.68741456,30.03213992,
121.68733653,30.03208099,
121.68725849,30.03202207,
121.68718046,30.03196315,
121.68710243,30.03190423,
121.68702414,30.03184556,
121.68694563,30.03178713,
121.68686711,30.03172869,
121.68678686,30.03167220,
121.68670172,30.03162122,
121.68661657,30.03157024,
121.68653142,30.03151926,
121.68644627,30.03146828,
121.68636115,30.03141727,
121.68627805,30.03136380,
121.68619496,30.03131034,
121.68611187,30.03125687,
121.68602877,30.03120341,
121.68594569,30.03114993,
121.68586264,30.03109641,
121.68577959,30.03104290,
121.68569654,30.03098939,
121.68561348,30.03093588,
121.68553041,30.03088239,
121.68544720,30.03082906,
121.68536400,30.03077573,
121.68528079,30.03072240,
121.68519758,30.03066907,
121.68511438,30.03061573,
121.68503121,30.03056236,
121.68494803,30.03050900,
121.68486486,30.03045563,
121.68478168,30.03040226,
121.68469711,30.03035061,
121.68461128,30.03030050,
121.68452545,30.03025039,
121.68443962,30.03020029,
121.68435379,30.03015018,
121.68427061,30.03009709,
121.68419278,30.03003797,
121.68411496,30.02997885,
121.68403713,30.02991973,
121.68395930,30.02986061,
121.68388148,30.02980149,
121.68380367,30.02974236,
121.68372585,30.02968323,
121.68364804,30.02962410,
121.68357022,30.02956497,
121.68349241,30.02950584,
121.68340774,30.02945515,
121.68331732,30.02941151,
121.68322691,30.02936788,
121.68313649,30.02932424,
121.68304608,30.02928061,
121.68295564,30.02923702,
121.68286520,30.02919343,
121.68277475,30.02914984,
121.68268431,30.02910624,
121.68259414,30.02906224,
121.68250431,30.02901771,
121.68241448,30.02897319,
121.68232465,30.02892866,
121.68223481,30.02888414,
121.68214499,30.02883961,
121.68205518,30.02879504,
121.68196538,30.02875048,
121.68187557,30.02870591,
121.68178577,30.02866134,
121.68169981,30.02861172,
121.68161704,30.02855788,
121.68153427,30.02850405,
121.68145151,30.02845022,
121.68136874,30.02839638,
121.68128597,30.02834255,
121.68120321,30.02828872,
121.68112044,30.02823488,
121.68103768,30.02818105,
121.68095491,30.02812721,
121.68087215,30.02807338,
121.68077943,30.02803580,
121.68068155,30.02800665,
121.68058367,30.02797750,
121.68048578,30.02794835,
121.68038790,30.02791919,
121.68029001,30.02789008,
121.68019211,30.02786098,
121.68009421,30.02783187,
121.67999632,30.02780277,
121.67989842,30.02777366,
121.67981111,30.02772562,
121.67972403,30.02767717,
121.67963694,30.02762873,
121.67954986,30.02758029,
121.67946277,30.02753184,
121.67937570,30.02748339,
121.67928862,30.02743493,
121.67920155,30.02738647,
121.67911448,30.02733801,
121.67902741,30.02728955,
121.67894032,30.02724111,
121.67885319,30.02719273,
121.67876607,30.02714434,
121.67867894,30.02709596,
121.67859181,30.02704757,
121.67850470,30.02699917,
121.67841761,30.02695074,
121.67833051,30.02690231,
121.67824342,30.02685389,
121.67815632,30.02680546,
121.67806361,30.02676598,
121.67796935,30.02672896,
121.67787509,30.02669195,
121.67778083,30.02665493,
121.67768657,30.02661791,
121.67759230,30.02658091,
121.67749803,30.02654392,
121.67740376,30.02650693,
121.67730948,30.02646995,
121.67721521,30.02643296,
121.67712094,30.02639597,
121.67703420,30.02634747,
121.67694915,30.02629638,
121.67686411,30.02624529,
121.67677907,30.02619420,
121.67669233,30.02614540,
121.67660327,30.02609974,
121.67651421,30.02605407,
121.67642515,30.02600841,
121.67634116,30.02595656,
121.67625758,30.02590434,
121.67616727,30.02586056,
121.67607635,30.02581775,
121.67598444,30.02577654,
121.67589253,30.02573534,
121.67580062,30.02569414,
121.67570871,30.02565293,
121.67561680,30.02561173,
121.67552489,30.02557052,
121.67543298,30.02552932,
121.67534107,30.02548811,
121.67525456,30.02543904,
121.67516884,30.02538880,
121.67508313,30.02533856,
121.67499742,30.02528831,
121.67491171,30.02523807,
121.67482600,30.02518783,
121.67474029,30.02513759,
121.67467724,30.02507283,
121.67464724,30.02498691,
121.67461724,30.02490099,
121.67459454,30.02481401,
121.67459086,30.02472424,
121.67458719,30.02463447,
121.67458351,30.02454471,
121.67456610,30.02445780,
121.67452286,30.02437626,
121.67447982,30.02429464,
121.67444149,30.02421127,
121.67440317,30.02412789,
121.67436373,30.02404494,
121.67431961,30.02396376,
121.67427549,30.02388257,
121.67422439,30.02380488,
121.67416572,30.02373097,
121.67409613,30.02366472,
121.67402519,30.02359942,
121.67395419,30.02353417,
121.67386788,30.02348726,
121.67378449,30.02343417,
121.67370217,30.02337987,
121.67368500,30.02336778,
